Multiple size <= 100
TEST 1 ARG:61 42 51 64 55 96 14 72 83 90 31 82 70 4 9 89 28 81 73 7 54 11 35 53 86 25 33 41 76 8 60 66 18 84 22 47 63 50 17 10 95 87 40 37 57 39 0 20 58 27 59 80 98 92 99 5 32 94 30 52 12 43 68 85 16 49 29 36 19 91 48 13 56 15 97 71 24 23 69 88 74 77 45 2 62 75 38 26 1 6 3 34 78 46 79 44 67 93 65 21
TEST 2 ARG:20 38 8 2 39 53 32 52 94 4 7 41 90 60 79 37 93 5 65 30 62 63 19 35 99 83 64 15 36 42 88 77 72 27 26 59 71 80 16 70 85 58 28 54 86 87 11 49 56 92 73 74 9 84 29 0 33 91 31 98 68 6 45 48 17 96 21 46 66 51 82 44 76 89 50 78 43 97 22 69 18 3 12 10 25 1 75 67 55 61 57 81 34 23 40 13 14 24 47 95
TEST 3 ARG:43 72 21 28 62 99 88 4 0 49 59 17 15 56 22 13 35 93 97 26 31 45 65 12 71 96 68 34 5 61 55 24 41 86 7 32 58 57 39 51 87 66 38 14 70 50 27 46 84 69 98 8 47 48 44 52 54 20 33 78 81 10 91 23 82 95 36 89 83 16 1 80 63 9 67 11 92 42 64 2 60 74 3 37 18 85 76 40 90 75 25 53 79 30 77 94 19 6 29 73
TEST 4 ARG:76 62 58 29 44 78 60 71 88 23 17 13 4 86 48 52 14 5 85 73 28 46 34 72 75 90 27 51 19 1 96 37 6 83 26 20 0 94 56 39 41 15 25 16 8 18 63 31 36 35 33 10 9 93 77 69 98 74 65 61 87 55 84 50 3 47 21 67 59 40 30 54 12 45 95 79 80 82 97 43 92 38 11 24 32 70 57 22 68 81 66 89 64 99 91 42 7 2 53 49
TEST 5 ARG:4 89 45 36 40 64 23 6 10 85 3 57 5 82 69 74 22 92 99 26 25 84 94 19 39 51 93 27 60 83 49 54 76 79 38 15 72 71 28 63 13 11 24 7 42 73 21 81 30 97 0 48 66 70 17 67 8 33 2 78 68 16 14 29 9 35 91 37 12 1 55 62 18 88 47 61 50 65 20 75 53 41 58 90 86 43 77 59 46 56 80 95 96 34 44 98 52 31 87 32
TEST 6 ARG:46 80 62 70 8 20 55 84 34 5 41 33 29 1 9 94 42 28 22 87 73 48 95 65 89 44 75 83 23 16 78 36 2 88 54 53 86 32 49 97 40 85 92 79 47 0 21 4 91 39 43 99 52 82 24 45 68 6 35 96 25 37 90 57 13 17 14 66 51 38 3 59 12 69 76 67 58 11 81 18 31 26 93 74 7 77 72 50 27 64 30 61 15 71 10 60 56 63 19 98
TEST 7 ARG:31 70 86 13 40 95 71 62 21 77 72 84 19 53 57 14 58 89 41 63 96 44 43 0 67 5 45 35 50 28 79 92 78 81 15 61 85 88 27 91 64 47 48 30 93 66 56 37 39 3 12 1 34 73 25 99 17 76 82 59 97 74 54 42 69 83 23 36 51 18 55 8 9 65 90 20 94 11 22 26 10 32 38 52 46 68 16 2 4 33 6 29 24 49 80 7 60 75 87 98
TEST 8 ARG:32 98 77 73 53 83 49 99 55 85 78 50 4 28 12 43 2 86 48 11 91 62 94 8 34 64 54 35 27 7 17 38 51 74 25 67 69 96 82 79 80 70 59 81 10 1 26 0 45 19 37 16 88 30 52 31 15 57 36 58 39 23 18 46 33 13 84 24 92 61 14 6 71 42 89 9 21 72 47 75 56 90 68 66 65 95 93 60 22 76 44 20 5 63 29 3 40 97 41 87
TEST 9 ARG:58 51 32 75 92 0 13 19 82 79 97 44 87 49 80 11 81 4 69 77 89 23 90 36 59 20 68 96 65 50 41 28 53 86 67 54 22 76 9 15 57 27 72 93 21 39 3 78 35 52 33 17 60 38 30 34 94 14 5 88 70 7 61 66 84 31 24 48 63 8 26 45 47 37 40 18 16 56 74 12 64 6 43 95 85 91 99 83 25 98 29 73 42 55 71 2 62 10 46 1
TEST 10 ARG:47 2 90 36 3 87 99 79 24 29 1 32 23 56 9 70 41 58 74 17 8 28 64 75 26 85 25 63 62 89 4 49 14 46 48 12 21 57 40 5 83 68 16 53 27 42 78 43 59 91 77 31 18 81 97 39 11 94 51 88 7 19 22 6 54 10 20 33 98 96 95 61 60 30 92 34 93 67 15 37 69 44 84 86 73 80 0 13 55 35 50 76 66 65 38 72 52 45 71 82
Multiple size <= 500
TEST 1 ARG:75 -227 19 68 -27 -36 160 171 -198 121 209 118 127 14 -228 -178 26 -246 210 -86 -71 -215 206 -127 43 -138 -62 -205 138 174 -197 -133 -117 91 -188 185 -218 -113 -244 -143 20 -81 -190 -56 173 8 -249 -152 -148 165 -2 -141 152 224 -236 9 -46 179 -232 149 -156 70 -110 42 -221 37 -192 -136 -233 104 177 109 122 -225 223 -219 176 -99 -64 -25 -37 234 -4 83 -18 21 63 -169 -9 98 -183 -26 -42 -131 -118 32 -8 -175 101 148 -170 220 131 155 56 -187 -75 113 125 -161 -29 -217 73 -124 -69 -180 97 182 129 -33 -123 0 -38 115 -58 55 241 -21 -14 -61 162 156 -216 -157 49 132 153 -206 -51 120 -194 214 103 249 93 145 238 -167 -60 166 62 -16 -220 -87 -91 18 -63 -191 30 194 -3 -101 15 -89 -202 137 144 159 -207 168 -121 151 13 -115 -239 -241 232 197 -130 -47 77 -30 -212 -114 82 69 233 -79 213 248 -160 201 130 38 -45 246 -12 -151 -92 -184 -90 95 -120 -182 -245 61 235 -13 -112 -196 -247 217 58 -144 -39 76 -22 87 57 3 -146 -76 89 -209 119 -149 -82 51 -95 -153 111 -103 -11 157 -125 85 -50 -57 17 11 158 146 -168 99 229 -199 64 -20 196 -54 25 230 34 178 -235 54 -210 22 188 219 239 -166 -73 -230 44 74 186 140 128 47 170 124 50 65 204 -83 126 108 195 -145 245 -107 -185 207 -7 180 134 -109 86 6 237 142 193 -134 203 -189 24 -201 -158 81 71 231 -67 67 -102 -66 -243 -250 212 -174 -104 114 -111 -10 -186 -132 -142 80 1 161 -171 -31 -122 -154 -23 -165 -106 -41 46 -176 53 -234 -5 102 139 94 84 -97 -224 117 48 -179 -203 184 39 192 -223 -211 27 -155 116 175 154 -164 -150 -162 191 228 -159 96 -93 225 216 -43 242 163 7 135 187 -17 90 -100 33 5 -172 10 -163 -240 208 236 36 243 244 -32 -229 16 -238 190 -116 183 -231 -237 143 189 105 -181 -177 211 66 222 218 -173 -19 -126 100 -74 -195 133 -119 172 -248 29 -96 202 -129 -208 -40 -128 200 123 -35 35 78 -214 -53 -15 28 -204 72 -213 221 -135 106 79 -140 -98 199 141 -88 -49 215 226 -52 -80 150 247 -84 2 -68 -77 -1 -44 164 4 23 -108 -226 110 -147 -137 -78 167 -24 -242 40 52 205 -193 -59 92 -200 88 -105 -70 -48 -55 240 59 -72 147 31 169 -94 -222 -85 136 -139 45 -6 41 -65 107 181 198 12 -28 112 60 -34 227
TEST 2 ARG:-7 -160 245 -41 -136 -245 -173 187 -65 -82 240 -222 212 -75 192 223 -73 -72 163 -231 2 13 174 -125 234 124 3 -143 108 -172 -70 78 -38 66 112 -74 -106 199 71 -181 -194 27 22 21 89 140 169 -11 152 -128 72 8 -163 -224 -14 -232 -130 249 -28 -221 81 43 -59 16 -112 -190 229 171 -53 -89 55 -207 117 82 24 164 10 -6 200 -18 136 -229 -164 -238 -169 162 25 -13 -154 -80 -147 246 217 107 -85 44 -99 -239 141 244 189 -200 -230 0 -36 -242 -86 109 -183 -155 -213 -35 215 87 241 -133 -92 168 183 54 102 52 42 -47 -159 172 -3 39 62 204 -77 -131 -153 -135 -2 -104 -22 -227 -43 -83 -126 65 -40 -88 76 -20 84 -209 -45 -21 -123 -78 231 -225 11 38 75 -102 -16 156 -167 -8 -15 -182 -50 -111 33 -204 176 50 222 99 154 122 -42 29 148 -121 165 -198 85 -187 -250 247 236 -71 -219 48 -151 58 -116 -134 125 -165 -58 -156 47 235 -67 73 -29 -105 -12 41 -170 -132 -189 213 17 -162 -114 -152 -214 -4 -5 -39 218 30 126 -10 157 230 86 195 57 -144 91 -138 237 116 -201 -129 -243 205 179 -120 -168 138 224 -140 -218 -195 19 15 219 121 216 -119 182 59 -51 167 37 -24 -109 -248 184 6 101 7 210 -87 -236 -1 194 -118 -97 68 23 -210 -25 83 -84 123 -206 -46 80 242 -247 -37 -205 226 132 32 147 178 198 143 -69 105 -157 14 -113 -196 -94 -63 -56 -115 -44 -146 88 -166 -235 -91 -177 -124 197 -49 -34 131 5 98 142 -90 -192 -127 -199 -188 104 160 -110 -176 -216 36 -30 -145 185 150 -122 175 -185 155 180 -26 232 144 -203 188 -180 28 207 -244 -228 -98 209 206 4 -191 -32 97 130 -27 -17 9 -61 193 -137 221 -184 63 -68 -202 149 -179 120 196 -57 -62 227 -226 40 -142 186 135 -208 18 201 -178 114 -193 -149 20 190 90 92 74 -23 26 191 170 -212 -96 -103 -141 35 67 151 233 239 -148 93 -79 -240 220 214 77 -215 -211 -95 -197 60 159 -31 128 -60 -237 106 -158 133 243 -64 70 -117 208 -9 113 -174 -233 -19 34 64 -241 96 225 153 69 139 100 -186 -171 -249 -33 238 248 95 118 53 103 127 -52 -54 45 -223 -93 166 203 51 146 -150 134 -220 228 115 -108 46 -234 158 211 -76 1 119 202 -217 31 173 -139 -66 -175 79 -100 129 181 -101 161 -107 49 -55 56 111 -246 137 -48 110 -161 177 94 61 -81 12 145
