17 
48 
26 
19 
33 
23 
75 
24 
73 
8 
35 
20 
49 
38 
51 
4 
52 
88 
31 
42 
57 
78 
43 
65 
81 
0 
55 
39 
61 
74 
1 
53 
96 
85 
83 
6 
15 
32 
44 
70 
80 
86 
50 
89 
62 
72 
21 
34 
77 
94 
54 
40 
95 
97 
25 
76 
93 
66 
28 
9 
11 
37 
45 
68 
10 
91 
99 
36 
63 
29 
71 
67 
5 
16 
27 
30 
58 
7 
12 
46 
60 
2 
64 
22 
13 
84 
47 
41 
18 
92 
59 
90 
79 
82 
69 
3 
87 
98 
14 56
a b
_ _
48 
26 
19 
33 
23 
75 
24 
73 
8 
35 
20 
49 
38 
51 
4 
52 
88 
31 
42 
57 
78 
43 
65 
81 
0 
55 
39 
61 
74 
1 
53 
96 
85 
83 
6 
15 
32 
44 
70 
80 
86 
50 
89 
62 
72 
21 
34 
77 
94 
54 
40 
95 
97 
25 
76 
93 
66 
28 
9 
11 
37 
45 
68 
10 
91 
99 
36 
63 
29 
71 
67 
5 
16 
27 
30 
58 
7 
12 
46 
60 
2 
64 
22 
13 
84 
47 
41 
18 
92 
59 
90 
79 
82 
69 
3 
87 
98 17
14 56
a b
_ _
26 
19 
33 
23 
75 
24 
73 
8 
35 
20 
49 
38 
51 
4 
52 
88 
31 
42 
57 
78 
43 
65 
81 
0 
55 
39 
61 
74 
1 
53 
96 
85 
83 
6 
15 
32 
44 
70 
80 
86 
50 
89 
62 
72 
21 
34 
77 
94 
54 
40 
95 
97 
25 
76 
93 
66 
28 
9 
11 
37 
45 
68 
10 
91 
99 
36 
63 
29 
71 
67 
5 
16 
27 
30 
58 
7 
12 
46 
60 
2 
64 
22 
13 
84 
47 
41 
18 
92 
59 
90 
79 
82 
69 
3 
87 48
98 56
14 17
a b
_ _
